    unsorted:	 140.6856873 142.5120001 137.3404463 144.8862879 134.2061061 131.3888063 128.4795740 125.4764984 122.3677221 149.2876007 119.0823551 115.7929599 156.5762780 200.3135148 236.8803858 423.0345374 429.2994080 458.9886666 506.1408069 787.1649800 984.5335901 1894.296717 1941.841613 1989.901449 1788.470763 1576.862991 1370.028133 2162.323094 2315.771085 2555.107279 2650.799784 2764.967541 2969.397241 3109.151934 3278.006445 3352.972621 3817.918269 3898.572550 3985.412430 4517.547988 4860.738261 4976.925100 5103.210235 5615.307201 5540.157000 5665.677071 6181.161280 6625.995807 6589.003962 6788.296595 7217.221356 7308.383598 7412.326821 7527.771665 7802.522834 7937.159952 8203.672458 8573.811071 8767.864475 9126.761223 9522.648227 9895.240608 10308.38130 10285.27780 10345.82796 10731.73453 11069.26915 11496.94045 12272.30547 13768.23159 14732.53510 16694.03042 18475.84169 27192.11119 60250.16232 146176.5476 319331.9372 799213.7932 2818155.995
      sorted:	 115.7929599 119.0823551 122.3677221 125.4764984 128.4795740 131.3888063 134.2061061 137.3404463 140.6856873 142.5120001 144.8862879 149.2876007 156.5762780 200.3135148 236.8803858 423.0345374 429.2994080 458.9886666 506.1408069 787.1649800 984.5335901 1370.028133 1576.862991 1788.470763 1894.296717 1941.841613 1989.901449 2162.323094 2315.771085 2555.107279 2650.799784 2764.967541 2969.397241 3109.151934 3278.006445 3352.972621 3817.918269 3898.572550 3985.412430 4517.547988 4860.738261 4976.925100 5103.210235 5540.157000 5615.307201 5665.677071 6181.161280 6589.003962 6625.995807 6788.296595 7217.221356 7308.383598 7412.326821 7527.771665 7802.522834 7937.159952 8203.672458 8573.811071 8767.864475 9126.761223 9522.648227 9895.240608 10285.27780 10308.38130 10345.82796 10731.73453 11069.26915 11496.94045 12272.30547 13768.23159 14732.53510 16694.03042 18475.84169 27192.11119 60250.16232 146176.5476 319331.9372 799213.7932 2818155.995
