    unsorted:	 564.1003075 570.9937277 573.7515279 577.3029676 579.1719957 557.6828091 552.4385735 541.2669752 529.2016048 518.6285632 515.0973558 503.4252584 491.0350486 479.2779107 474.4090634 471.4053859 465.8824318 606.8515330 443.5951272 419.0008671 664.5276943 702.2225409 718.9042076 390.0989006 377.6936061 741.7703964 332.3248103 326.5969719 829.9157687 866.2751058 901.3336396 918.8134102 949.2289062 1028.806663 1082.859331 1114.104070 1166.316645 1184.812366 1201.297442 1326.559556 1353.324543 1449.750380 1495.703475 1501.359972 1551.941571 1576.587640 1635.975843 188.0575646 1743.850520 1732.440229 1753.122612 1708.415137 1770.910373 1903.374018 1968.302534 2025.081747 2140.087468 2274.401751 2313.124557 2318.990818 2394.265404 2438.375043 2612.378443 2770.190026 2808.122604 2995.759187 3107.928232 3376.976910 3395.526128 3696.392364 4327.483460 5617.282491 5809.196343 7761.501333 10492.26953 10878.77745 14034.15940 27266.76460 50405.95351 81271.46134 196874.1883 364345.1274 381885.7273 583741.1349 2738139.002
      sorted:	 188.0575646 326.5969719 332.3248103 377.6936061 390.0989006 419.0008671 443.5951272 465.8824318 471.4053859 474.4090634 479.2779107 491.0350486 503.4252584 515.0973558 518.6285632 529.2016048 541.2669752 552.4385735 557.6828091 564.1003075 570.9937277 573.7515279 577.3029676 579.1719957 606.8515330 664.5276943 702.2225409 718.9042076 741.7703964 829.9157687 866.2751058 901.3336396 918.8134102 949.2289062 1028.806663 1082.859331 1114.104070 1166.316645 1184.812366 1201.297442 1326.559556 1353.324543 1449.750380 1495.703475 1501.359972 1551.941571 1576.587640 1635.975843 1708.415137 1732.440229 1743.850520 1753.122612 1770.910373 1903.374018 1968.302534 2025.081747 2140.087468 2274.401751 2313.124557 2318.990818 2394.265404 2438.375043 2612.378443 2770.190026 2808.122604 2995.759187 3107.928232 3376.976910 3395.526128 3696.392364 4327.483460 5617.282491 5809.196343 7761.501333 10492.26953 10878.77745 14034.15940 27266.76460 50405.95351 81271.46134 196874.1883 364345.1274 381885.7273 583741.1349 2738139.002
