    unsorted:	 137.1051334 136.9157886 137.4195276 135.7855894 133.9973586 140.0798341 131.8520323 129.4493761 126.7902051 144.7380960 123.9368312 146.8066326 120.9325964 117.6861262 114.4435405 156.8182992 181.3385404 187.2377334 220.1344696 228.1876681 231.1822421 253.2612094 277.7272110 301.6878225 353.4491383 394.2923340 446.1425110 456.3856058 521.7912838 559.2816557 642.5491521 650.5092849 632.2525132 691.2531934 730.6087209 767.0437129 809.1165541 839.3794344 922.0725974 951.7740962 985.6025191 1045.602518 1085.528977 1136.502108 1220.032517 1223.514973 1284.979260 1377.453011 1421.302245 1443.037407 1509.293115 1505.016891 1677.379887 1711.501468 1739.805642 1812.302686 1888.856814 2058.917780 2117.929312 2135.023156 2155.510056 2274.883629 2531.884365 2636.635053 2646.167829 2844.779497 2968.315094 3257.736990 3323.262759 3531.609980 4196.300951 5593.505004 5748.429672 7932.271042 10176.57473 11122.87070 13459.12617 27211.81884 52441.00821 83356.18497 199124.3070 382674.0451 390692.3046 593166.3283 2755251.315
      sorted:	 114.4435405 117.6861262 120.9325964 123.9368312 126.7902051 129.4493761 131.8520323 133.9973586 135.7855894 136.9157886 137.1051334 137.4195276 140.0798341 144.7380960 146.8066326 156.8182992 181.3385404 187.2377334 220.1344696 228.1876681 231.1822421 253.2612094 277.7272110 301.6878225 353.4491383 394.2923340 446.1425110 456.3856058 521.7912838 559.2816557 632.2525132 642.5491521 650.5092849 691.2531934 730.6087209 767.0437129 809.1165541 839.3794344 922.0725974 951.7740962 985.6025191 1045.602518 1085.528977 1136.502108 1220.032517 1223.514973 1284.979260 1377.453011 1421.302245 1443.037407 1505.016891 1509.293115 1677.379887 1711.501468 1739.805642 1812.302686 1888.856814 2058.917780 2117.929312 2135.023156 2155.510056 2274.883629 2531.884365 2636.635053 2646.167829 2844.779497 2968.315094 3257.736990 3323.262759 3531.609980 4196.300951 5593.505004 5748.429672 7932.271042 10176.57473 11122.87070 13459.12617 27211.81884 52441.00821 83356.18497 199124.3070 382674.0451 390692.3046 593166.3283 2755251.315
