    unsorted:	 138.3120416 136.5868880 139.7728699 134.0249605 131.4657075 141.5451246 128.8075940 125.9659532 122.9908480 119.9064531 116.6560106 150.6752342 113.4189747 161.3848193 175.5950846 186.3183632 217.9983621 243.0172595 338.4925923 484.5631641 698.6839929 671.5717569 641.7814372 757.6285259 775.0438306 855.2844279 945.5497113 1016.293356 1061.012015 1144.809246 1221.898426 1261.052262 1361.367994 1679.965220 1700.212937 1758.004894 1837.384030 1874.369146 1905.633512 1974.435392 2336.262645 2424.254098 2461.719924 2610.956218 2744.110985 2793.001042 2957.791386 3200.447228 3254.760698 3424.519653 3584.941969 3671.304013 3727.515753 3973.319684 4128.024188 4322.553836 4647.925111 4859.060455 4971.177191 5022.204107 5097.057041 5163.490174 5667.202438 5765.273019 5839.052994 6203.241484 6317.145491 6366.678519 6722.230012 7475.459444 7804.894964 8476.796281 9574.665344 10598.32899 11260.35738 13140.64482 14244.12110 27195.95910 51801.10280 109223.8603 188663.9005 335349.2253 378683.7163 696608.0013 2799276.846
      sorted:	 113.4189747 116.6560106 119.9064531 122.9908480 125.9659532 128.8075940 131.4657075 134.0249605 136.5868880 138.3120416 139.7728699 141.5451246 150.6752342 161.3848193 175.5950846 186.3183632 217.9983621 243.0172595 338.4925923 484.5631641 641.7814372 671.5717569 698.6839929 757.6285259 775.0438306 855.2844279 945.5497113 1016.293356 1061.012015 1144.809246 1221.898426 1261.052262 1361.367994 1679.965220 1700.212937 1758.004894 1837.384030 1874.369146 1905.633512 1974.435392 2336.262645 2424.254098 2461.719924 2610.956218 2744.110985 2793.001042 2957.791386 3200.447228 3254.760698 3424.519653 3584.941969 3671.304013 3727.515753 3973.319684 4128.024188 4322.553836 4647.925111 4859.060455 4971.177191 5022.204107 5097.057041 5163.490174 5667.202438 5765.273019 5839.052994 6203.241484 6317.145491 6366.678519 6722.230012 7475.459444 7804.894964 8476.796281 9574.665344 10598.32899 11260.35738 13140.64482 14244.12110 27195.95910 51801.10280 109223.8603 188663.9005 335349.2253 378683.7163 696608.0013 2799276.846
